0.000000,0.000000,0.000000,0.000000
0.008333,4.627909,-1.106053,7.696656
0.016667,9.141534,-2.173625,15.227570
0.025000,12.912702,-3.053574,21.545883
0.033333,16.022991,-3.767036,26.783692
0.041667,18.546185,-4.333106,31.060527
0.050000,20.548982,-4.769024,34.484479
0.058333,22.091632,-5.090344,37.153239
0.066667,23.228524,-5.311084,39.155037
0.075000,24.008721,-5.443874,40.569502
0.083333,24.476443,-5.500076,41.468447
0.091667,24.671510,-5.489904,41.916578
0.100000,24.629750,-5.422530,41.972150
0.108333,24.383358,-5.306182,41.687552
0.116667,23.961242,-5.148226,41.109855
0.125000,23.389316,-4.955254,40.281297
0.133333,22.690789,-4.733151,39.239732
0.141667,21.886409,-4.487165,38.019042
0.150000,20.994699,-4.221965,36.649503
0.158333,20.032164,-3.941698,35.158125
0.166667,19.013483,-3.650035,33.568963
0.175000,17.951683,-3.350224,31.903391
0.183333,16.858296,-3.045124,30.180363
0.191667,15.743503,-2.737246,28.416643
0.200000,14.616266,-2.428787,26.627013
0.208333,13.484445,-2.121661,24.824470
0.216667,12.354908,-1.817526,23.020398
0.225000,11.233629,-1.517814,21.224726
0.233333,10.125775,-1.223747,19.446074
0.241667,9.035793,-0.936365,17.691885
0.250000,7.967476,-0.656542,15.968540
0.258333,6.924036,-0.385004,14.281470
0.266667,5.908160,-0.122345,12.635255
0.275000,4.922071,0.130960,11.033707
0.283333,3.967572,0.374541,9.479959
0.291667,3.046095,0.608119,7.976532
0.300000,2.158741,0.831499,6.525405
0.308333,1.306315,1.044560,5.128073
0.316667,0.489364,1.247243,3.785603
0.325000,-0.291795,1.439548,2.498683
0.333333,-1.037049,1.621521,1.267664
0.341667,-1.746461,1.793255,0.092608
0.350000,-2.420251,1.954877,-1.026687
0.358333,-3.058771,2.106546,-2.090643
0.366667,-3.662494,2.248451,-3.099882
0.375000,-4.231989,2.380802,-4.055190
0.383333,-4.767913,2.503828,-4.957501
0.391667,-5.270996,2.617776,-5.807871
0.400000,-5.742027,2.722905,-6.607460
0.408333,-6.181845,2.819483,-7.357514
0.416667,-6.591330,2.907789,-8.059351
0.425000,-6.971393,2.988106,-8.714342
0.433333,-7.322970,3.060720,-9.323908
0.441667,-7.647015,3.125920,-9.889499
0.450000,-7.944492,3.183998,-10.412591
0.458333,-8.216374,3.235243,-10.894673
0.466667,-8.463631,3.279943,-11.337242
0.475000,-8.687236,3.318383,-11.741796
0.483333,-8.888153,3.350845,-12.109826
0.491667,-9.067336,3.377607,-12.442813
0.500000,-9.225729,3.398943,-12.742221
0.508333,-9.364260,3.415119,-13.009498
0.516667,-9.483843,3.426397,-13.246065
0.525000,-9.585372,3.433033,-13.453320
0.533333,-9.669722,3.435276,-13.632632
0.541667,-9.737749,3.433368,-13.785340
0.550000,-9.790285,3.427544,-13.912751
0.558333,-9.828141,3.418032,-14.016138
0.566667,-9.852104,3.405053,-14.096741
0.575000,-9.862940,3.388821,-14.155763
0.583333,-9.861389,3.369542,-14.194372
0.591667,-9.848167,3.347415,-14.213700
0.600000,-9.823967,3.322632,-14.214842
0.608333,-9.789459,3.295377,-14.198857
0.616667,-9.745288,3.265829,-14.166767
0.625000,-9.692074,3.234156,-14.119557
0.633333,-9.630416,3.200524,-14.058178
0.641667,-9.560889,3.165088,-13.983542
0.650000,-9.484044,3.127999,-13.896530
0.658333,-9.400412,3.089399,-13.797985
0.666667,-9.310501,3.049427,-13.688718
0.675000,-9.214796,3.008212,-13.569506
0.683333,-9.113763,2.965881,-13.441092
0.691667,-9.007846,2.922551,-13.304191
0.700000,-8.897472,2.878335,-13.159482
0.708333,-8.783045,2.833342,-13.007617
0.716667,-8.664952,2.787674,-12.849217
0.725000,-8.543560,2.741427,-12.684876
0.733333,-8.419221,2.694693,-12.515158
0.741667,-8.292267,2.647560,-12.340601
0.750000,-8.163015,2.600109,-12.161716
0.758333,-8.031765,2.552418,-11.978991
0.766667,-7.898801,2.504561,-11.792887
0.775000,-7.764394,2.456607,-11.603842
0.783333,-7.628798,2.408620,-11.412271
0.791667,-7.492255,2.360662,-11.218568
0.800000,-7.354991,2.312791,-11.023104
0.808333,-7.217221,2.265059,-10.826231
0.816667,-7.079148,2.217518,-10.628281
0.825000,-6.940961,2.170214,-10.429565
0.833333,-6.802839,2.123191,-10.230379
0.841667,-6.664949,2.076490,-10.031000
0.850000,-6.527448,2.030148,-9.831686
0.858333,-6.390483,1.984201,-9.632683
0.866667,-6.254191,1.938681,-9.434219
0.875000,-6.118699,1.893618,-9.236507
0.883333,-5.984125,1.849039,-9.039747
0.891667,-5.850581,1.804969,-8.844124
0.900000,-5.718168,1.761432,-8.649811
0.908333,-5.586980,1.718448,-8.456969
0.916667,-5.457105,1.676036,-8.265747
0.925000,-5.328621,1.634213,-8.076281
0.933333,-5.201602,1.592993,-7.888698
0.941667,-5.076115,1.552392,-7.703115
0.950000,-4.952219,1.512420,-7.519637
0.958333,-4.829971,1.473087,-7.338362
0.966667,-4.709418,1.434403,-7.159378
0.975000,-4.590606,1.396375,-6.982764
0.983333,-4.473572,1.359008,-6.808594
0.991667,-4.358352,1.322310,-6.636930
1.000000,-4.244976,1.286282,-6.467829
1.008333,-4.133468,1.250927,-6.301343
1.016667,-4.023852,1.216249,-6.137515
1.025000,-3.916144,1.182246,-5.976382
1.033333,-3.810359,1.148919,-5.817975
1.041667,-3.706509,1.116267,-5.662323
1.050000,-3.604600,1.084289,-5.509445
1.058333,-3.504640,1.052981,-5.359359
1.066667,-3.406628,1.022341,-5.212076
1.075000,-3.310566,0.992365,-5.067603
1.083333,-3.216451,0.963048,-4.925944
1.091667,-3.124277,0.934385,-4.787100
1.100000,-3.034036,0.906371,-4.651065
1.108333,-2.945721,0.879000,-4.517834
1.116667,-2.859320,0.852266,-4.387395
1.125000,-2.774819,0.826161,-4.259736
1.133333,-2.692206,0.800679,-4.134841
1.141667,-2.611463,0.775812,-4.012692
1.150000,-2.532574,0.751552,-3.893268
1.158333,-2.455521,0.727891,-3.776547
1.166667,-2.380283,0.704821,-3.662503
1.175000,-2.306840,0.682334,-3.551110
1.183333,-2.235171,0.660420,-3.442341
1.191667,-2.165253,0.639072,-3.336165
1.200000,-2.097062,0.618279,-3.232551
1.208333,-2.030575,0.598032,-3.131467
1.216667,-1.965768,0.578323,-3.032880
1.225000,-1.902614,0.559142,-2.936755
1.233333,-1.841089,0.540479,-2.843056
1.241667,-1.781167,0.522325,-2.751747
1.250000,-1.722820,0.504671,-2.662791
1.258333,-1.666022,0.487507,-2.576151
1.266667,-1.610747,0.470824,-2.491788
1.275000,-1.556966,0.454611,-2.409664
1.283333,-1.504653,0.438859,-2.329740
1.291667,-1.453780,0.423559,-2.251976
1.300000,-1.404320,0.408702,-2.176334
1.308333,-1.356244,0.394277,-2.102773
1.316667,-1.309526,0.380276,-2.031253
1.325000,-1.264137,0.366688,-1.961735
1.333333,-1.220051,0.353506,-1.894179
1.341667,-1.177240,0.340719,-1.828546
1.350000,-1.135676,0.328319,-1.764794
1.358333,-1.095333,0.316297,-1.702886
1.366667,-1.056183,0.304643,-1.642781
1.375000,-1.018201,0.293349,-1.584440
1.383333,-0.981359,0.282406,-1.527825
1.391667,-0.945632,0.271806,-1.472897
1.400000,-0.910992,0.261540,-1.419618
1.408333,-0.877415,0.251600,-1.367950
1.416667,-0.844876,0.241977,-1.317855
1.425000,-0.813349,0.232664,-1.269296
1.433333,-0.782809,0.223652,-1.222237
1.441667,-0.753232,0.214933,-1.176641
1.450000,-0.724593,0.206500,-1.132473
1.458333,-0.696870,0.198346,-1.089697
1.466667,-0.670039,0.190462,-1.048278
1.475000,-0.644076,0.182842,-1.008182
1.483333,-0.618959,0.175478,-0.969376
1.491667,-0.594666,0.168363,-0.931825
1.500000,-0.571175,0.161491,-0.895498
1.508333,-0.548464,0.154854,-0.860362
1.516667,-0.526512,0.148446,-0.826385
1.525000,-0.505299,0.142260,-0.793536
1.533333,-0.484804,0.136289,-0.761785
1.541667,-0.465006,0.130529,-0.731102
1.550000,-0.445888,0.124972,-0.701457
1.558333,-0.427428,0.119613,-0.672822
1.566667,-0.409610,0.114445,-0.645167
1.575000,-0.392413,0.109464,-0.618467
1.583333,-0.375820,0.104662,-0.592692
1.591667,-0.359814,0.100036,-0.567817
1.600000,-0.344378,0.095580,-0.543816
1.608333,-0.329493,0.091287,-0.520662
1.616667,-0.315145,0.087154,-0.498332
1.625000,-0.301316,0.083176,-0.476801
1.633333,-0.287991,0.079347,-0.456045
1.641667,-0.275155,0.075662,-0.436041
1.650000,-0.262793,0.072118,-0.416765
1.658333,-0.250889,0.068710,-0.398196
1.666667,-0.239431,0.065433,-0.380312
1.675000,-0.228403,0.062283,-0.363092
1.683333,-0.217792,0.059256,-0.346515
1.691667,-0.207585,0.056348,-0.330561
1.700000,-0.197769,0.053554,-0.315211
1.708333,-0.188332,0.050872,-0.300444
1.716667,-0.179261,0.048298,-0.286244
1.725000,-0.170543,0.045827,-0.272590
1.733333,-0.162169,0.043457,-0.259466
1.741667,-0.154126,0.041183,-0.246854
1.750000,-0.146402,0.039003,-0.234738
1.758333,-0.138989,0.036914,-0.223100
1.766667,-0.131874,0.034911,-0.211926
1.775000,-0.125049,0.032993,-0.201200
1.783333,-0.118502,0.031156,-0.190906
1.791667,-0.112225,0.029397,-0.181030
1.800000,-0.106208,0.027714,-0.171558
1.808333,-0.100443,0.026104,-0.162476
1.816667,-0.094920,0.024563,-0.153770
1.825000,-0.089630,0.023091,-0.145427
1.833333,-0.084566,0.021683,-0.137435
1.841667,-0.079720,0.020339,-0.129781
1.850000,-0.075084,0.019055,-0.122454
1.858333,-0.070650,0.017829,-0.115441
1.866667,-0.066410,0.016659,-0.108732
1.875000,-0.062359,0.015543,-0.102315
1.883333,-0.058488,0.014479,-0.096180
1.891667,-0.054791,0.013465,-0.090317
1.900000,-0.051262,0.012499,-0.084715
1.908333,-0.047895,0.011579,-0.079365
1.916667,-0.044683,0.010704,-0.074258
1.925000,-0.041620,0.009871,-0.069385
1.933333,-0.038701,0.009079,-0.064736
1.941667,-0.035921,0.008326,-0.060303
1.950000,-0.033273,0.007611,-0.056079
1.958333,-0.030753,0.006933,-0.052054
1.966667,-0.028356,0.006289,-0.048222
1.975000,-0.026077,0.005679,-0.044575
1.983333,-0.023911,0.005100,-0.041105
1.991667,-0.021854,0.004552,-0.037806
2.000000,-0.019901,0.004034,-0.034671
2.008333,-0.009899,-0.006110,-0.032942
2.016667,0.019125,-0.038873,-0.034295
2.025000,0.064360,-0.090922,-0.038291
2.033333,0.123116,-0.159069,-0.044513
2.041667,0.192999,-0.240473,-0.052587
2.050000,0.271883,-0.332612,-0.062180
2.058333,0.357880,-0.433249,-0.072999
2.066667,0.449324,-0.540405,-0.084781
2.075000,0.544744,-0.652334,-0.097296
2.083333,0.642845,-0.767502,-0.110340
2.091667,0.742494,-0.884563,-0.123734
2.100000,0.842703,-1.002344,-0.137323
2.108333,0.942612,-1.119824,-0.150969
2.116667,1.041479,-1.236121,-0.164554
2.125000,1.138665,-1.350477,-0.177977
2.133333,1.233627,-1.462245,-0.191149
2.141667,1.325904,-1.570878,-0.203996
2.150000,1.415113,-1.675919,-0.216455
2.158333,1.500935,-1.776991,-0.228474
2.166667,1.583114,-1.873785,-0.240009
2.175000,1.661445,-1.966059,-0.251026
2.183333,1.735771,-2.053625,-0.261498
2.191667,1.805978,-2.136345,-0.271403
2.200000,1.871987,-2.214125,-0.280727
2.208333,1.933753,-2.286909,-0.289460
2.216667,1.991259,-2.354678,-0.297596
2.225000,2.044514,-2.417438,-0.305134
2.233333,2.093548,-2.475224,-0.312075
2.241667,2.138410,-2.528093,-0.318425
2.250000,2.179164,-2.576121,-0.324192
2.258333,2.215890,-2.619400,-0.329384
2.266667,2.248678,-2.658036,-0.334015
2.275000,2.277630,-2.692147,-0.338096
2.283333,2.302853,-2.721861,-0.341643
2.291667,2.324464,-2.747315,-0.344671
2.300000,2.342582,-2.768649,-0.347197
2.308333,2.357334,-2.786010,-0.349238
2.316667,2.368846,-2.799550,-0.350812
2.325000,2.377248,-2.809421,-0.351938
2.333333,2.382672,-2.815777,-0.352634
2.341667,2.385249,-2.818773,-0.352918
2.350000,2.385110,-2.818566,-0.352809
2.358333,2.382387,-2.815307,-0.352326
2.366667,2.377208,-2.809151,-0.351487
2.375000,2.369701,-2.800248,-0.350311
2.383333,2.359993,-2.788746,-0.348815
2.391667,2.348206,-2.774791,-0.347018
2.400000,2.334462,-2.758526,-0.344937
2.408333,2.318879,-2.740089,-0.342589
2.416667,2.301571,-2.719618,-0.339990
2.425000,2.282651,-2.697242,-0.337157
2.433333,2.262227,-2.673092,-0.334106
2.441667,2.240405,-2.647291,-0.330851
2.450000,2.217286,-2.619959,-0.327408
2.458333,2.192968,-2.591212,-0.323791
2.466667,2.167547,-2.561163,-0.320013
2.475000,2.141114,-2.529919,-0.316088
2.483333,2.113756,-2.497584,-0.312029
2.491667,2.085558,-2.464257,-0.307847
2.500000,2.056601,-2.430033,-0.303556
2.508333,2.026963,-2.395005,-0.299165
2.516667,1.996716,-2.359260,-0.294686
2.525000,1.965933,-2.322881,-0.290129
2.533333,1.934681,-2.285948,-0.285505
2.541667,1.903023,-2.248538,-0.280821
2.550000,1.871022,-2.210721,-0.276088
2.558333,1.838735,-2.172568,-0.271314
2.566667,1.806218,-2.134143,-0.266507
2.575000,1.773522,-2.095508,-0.261675
2.583333,1.740699,-2.056722,-0.256824
2.591667,1.707794,-2.017840,-0.251962
2.600000,1.674852,-1.978914,-0.247095
2.608333,1.641915,-1.939994,-0.242229
2.616667,1.609021,-1.901127,-0.237371
2.625000,1.576209,-1.862355,-0.232525
2.633333,1.543512,-1.823719,-0.227696
2.641667,1.510963,-1.785259,-0.222890
2.650000,1.478592,-1.747010,-0.218110
2.658333,1.446428,-1.709006,-0.213362
2.666667,1.414497,-1.671277,-0.208648
2.675000,1.382824,-1.633852,-0.203972
2.683333,1.351431,-1.596759,-0.199338
2.691667,1.320340,-1.560022,-0.194749
2.700000,1.289569,-1.523665,-0.190207
2.708333,1.259137,-1.487707,-0.185716
2.716667,1.229060,-1.452169,-0.181277
2.725000,1.199353,-1.417068,-0.176893
2.733333,1.170029,-1.382421,-0.172566
2.741667,1.141101,-1.348240,-0.168297
2.750000,1.112580,-1.314540,-0.164089
2.758333,1.084474,-1.281333,-0.159942
2.766667,1.056794,-1.248627,-0.155857
2.775000,1.029547,-1.216433,-0.151837
2.783333,1.002739,-1.184758,-0.147882
2.791667,0.976376,-1.153609,-0.143992
2.800000,0.950463,-1.122991,-0.140169
2.808333,0.925003,-1.092910,-0.136413
2.816667,0.900001,-1.063368,-0.132725
2.825000,0.875457,-1.034370,-0.129104
2.833333,0.851375,-1.005915,-0.125551
2.841667,0.827754,-0.978006,-0.122067
2.850000,0.804596,-0.950644,-0.118651
2.858333,0.781899,-0.923827,-0.115303
2.866667,0.759663,-0.897555,-0.112023
2.875000,0.737887,-0.871826,-0.108811
2.883333,0.716569,-0.846638,-0.105666
2.891667,0.695707,-0.821988,-0.102589
2.900000,0.675297,-0.797873,-0.099579
2.908333,0.655337,-0.774290,-0.096635
2.916667,0.635824,-0.751234,-0.093756
2.925000,0.616753,-0.728701,-0.090943
2.933333,0.598120,-0.706686,-0.088195
2.941667,0.579921,-0.685183,-0.085511
2.950000,0.562151,-0.664188,-0.082890
2.958333,0.544806,-0.643694,-0.080332
2.966667,0.527879,-0.623695,-0.077836
2.975000,0.511367,-0.604185,-0.075400
2.983333,0.495263,-0.585158,-0.073025
2.991667,0.479561,-0.566606,-0.070710
3.000000,0.464256,-0.548523,-0.068452
3.008333,0.449342,-0.530901,-0.066253
3.016667,0.434812,-0.513735,-0.064110
3.025000,0.420661,-0.497015,-0.062023
3.033333,0.406883,-0.480735,-0.059991
3.041667,0.393470,-0.464887,-0.058013
3.050000,0.380416,-0.449465,-0.056088
3.058333,0.367716,-0.434459,-0.054215
3.066667,0.355363,-0.419863,-0.052394
3.075000,0.343349,-0.405669,-0.050622
3.083333,0.331669,-0.391869,-0.048900
3.091667,0.320316,-0.378455,-0.047226
3.100000,0.309284,-0.365420,-0.045599
3.108333,0.298565,-0.352756,-0.044018
3.116667,0.288154,-0.340456,-0.042483
3.125000,0.278045,-0.328511,-0.040992
3.133333,0.268230,-0.316914,-0.039545
3.141667,0.258703,-0.305658,-0.038140
3.150000,0.249458,-0.294735,-0.036777
3.158333,0.240488,-0.284137,-0.035454
3.166667,0.231788,-0.273858,-0.034171
3.175000,0.223351,-0.263889,-0.032927
3.183333,0.215171,-0.254224,-0.031721
3.191667,0.207241,-0.244856,-0.030552
3.200000,0.199557,-0.235777,-0.029419
3.208333,0.192112,-0.226980,-0.028321
3.216667,0.184900,-0.218459,-0.027258
3.225000,0.177915,-0.210206,-0.026228
3.233333,0.171152,-0.202215,-0.025230
3.241667,0.164605,-0.194480,-0.024265
3.250000,0.158268,-0.186993,-0.023331
3.258333,0.152137,-0.179749,-0.022427
3.266667,0.146205,-0.172741,-0.021552
3.275000,0.140468,-0.165963,-0.020706
3.283333,0.134920,-0.159408,-0.019888
3.291667,0.129557,-0.153071,-0.019098
3.300000,0.124372,-0.146945,-0.018333
3.308333,0.119363,-0.141026,-0.017595
3.316667,0.114522,-0.135307,-0.016881
3.325000,0.109847,-0.129783,-0.016192
3.333333,0.105331,-0.124448,-0.015526
3.341667,0.100972,-0.119297,-0.014883
3.350000,0.096763,-0.114325,-0.014263
3.358333,0.092702,-0.109527,-0.013664
3.366667,0.088783,-0.104896,-0.013086
3.375000,0.085003,-0.100430,-0.012529
3.383333,0.081357,-0.096122,-0.011991
3.391667,0.077841,-0.091969,-0.011473
3.400000,0.074453,-0.087965,-0.010974
3.408333,0.071186,-0.084106,-0.010492
3.416667,0.068039,-0.080388,-0.010028
3.425000,0.065007,-0.076805,-0.009581
3.433333,0.062088,-0.073356,-0.009151
3.441667,0.059276,-0.070034,-0.008736
3.450000,0.056570,-0.066836,-0.008337
3.458333,0.053965,-0.063759,-0.007953
3.466667,0.051459,-0.060797,-0.007584
3.475000,0.049048,-0.057949,-0.007228
3.483333,0.046729,-0.055210,-0.006887
3.491667,0.044500,-0.052576,-0.006558
3.500000,0.042357,-0.050044,-0.006242
3.508333,0.040298,-0.047612,-0.005939
3.516667,0.038320,-0.045274,-0.005647
3.525000,0.036420,-0.043030,-0.005367
3.533333,0.034596,-0.040874,-0.005098
3.541667,0.032845,-0.038805,-0.004840
3.550000,0.031164,-0.036819,-0.004592
3.558333,0.029552,-0.034914,-0.004354
3.566667,0.028005,-0.033087,-0.004126
3.575000,0.026522,-0.031335,-0.003908
3.583333,0.025101,-0.029656,-0.003698
3.591667,0.023739,-0.028047,-0.003498
3.600000,0.022434,-0.026505,-0.003305
3.608333,0.021185,-0.025029,-0.003121
3.616667,0.019988,-0.023616,-0.002945
3.625000,0.018843,-0.022263,-0.002776
3.633333,0.017748,-0.020969,-0.002615
3.641667,0.016701,-0.019731,-0.002460
3.650000,0.015699,-0.018548,-0.002313
3.658333,0.014742,-0.017417,-0.002172
3.666667,0.013827,-0.016336,-0.002037
3.675000,0.012954,-0.015304,-0.001908
3.683333,0.012120,-0.014319,-0.001785
3.691667,0.011325,-0.013379,-0.001668
3.700000,0.010566,-0.012483,-0.001556
3.708333,0.009842,-0.011628,-0.001449
3.716667,0.009152,-0.010813,-0.001348
3.725000,0.008495,-0.010037,-0.001251
3.733333,0.007870,-0.009298,-0.001159
3.741667,0.007274,-0.008594,-0.001071
3.750000,0.006708,-0.007925,-0.000988
3.758333,0.006169,-0.007289,-0.000908
3.766667,0.005658,-0.006684,-0.000833
3.775000,0.005171,-0.006110,-0.000761
3.783333,0.004710,-0.005564,-0.000693
3.791667,0.004272,-0.005047,-0.000629
3.800000,0.003857,-0.004557,-0.000567
3.808333,0.003464,-0.004092,-0.000509
3.816667,0.003091,-0.003652,-0.000455
3.825000,0.002739,-0.003236,-0.000403
3.833333,0.002406,-0.002842,-0.000354
3.841667,0.002091,-0.002470,-0.000307
3.850000,0.001793,-0.002118,-0.000263
3.858333,0.001513,-0.001787,-0.000222
3.866667,0.001248,-0.001475,-0.000183
3.875000,0.000999,-0.001181,-0.000146
3.883333,0.000765,-0.000904,-0.000112
3.891667,0.000545,-0.000644,-0.000079
3.900000,0.000338,-0.000400,-0.000049
3.908333,0.000145,-0.000171,-0.000021
3.916667,-0.000037,0.000044,0.000006
3.925000,-0.000207,0.000244,0.000031
3.933333,-0.000365,0.000432,0.000055
3.941667,-0.000513,0.000607,0.000076
3.950000,-0.000651,0.000769,0.000097
3.958333,-0.000779,0.000921,0.000116
3.966667,-0.000898,0.001061,0.000133
3.975000,-0.001008,0.001191,0.000149
3.983333,-0.001110,0.001311,0.000164
3.991667,-0.001203,0.001422,0.000178
4.000000,-0.001289,0.001524,0.000191
4.008333,0.005033,0.015520,-0.000590
4.016667,0.026378,0.062123,-0.003231
4.025000,0.060535,0.136531,-0.007457
4.033333,0.105388,0.234149,-0.013008
4.041667,0.159054,0.350889,-0.019650
4.050000,0.219858,0.483114,-0.027176
4.058333,0.286316,0.627603,-0.035402
4.066667,0.357116,0.781504,-0.044165
4.075000,0.431098,0.942303,-0.053323
4.083333,0.507245,1.107788,-0.062748
4.091667,0.584664,1.276021,-0.072331
4.100000,0.662575,1.445311,-0.081975
4.108333,0.740301,1.614186,-0.091597
4.116667,0.817257,1.781376,-0.101123
4.125000,0.892938,1.945788,-0.110491
4.133333,0.966917,2.106490,-0.119649
4.141667,1.038829,2.262694,-0.128550
4.150000,1.108370,2.413740,-0.137159
4.158333,1.175289,2.559084,-0.145443
4.166667,1.239383,2.698282,-0.153377
4.175000,1.300489,2.830983,-0.160941
4.183333,1.358483,2.956916,-0.168121
4.191667,1.413271,3.075883,-0.174903
4.200000,1.464792,3.187747,-0.181281
4.208333,1.513009,3.292428,-0.187250
4.216667,1.557907,3.389895,-0.192808
4.225000,1.599490,3.480159,-0.197956
4.233333,1.637782,3.563270,-0.202697
4.241667,1.672820,3.639308,-0.207035
4.250000,1.704653,3.708383,-0.210976
4.258333,1.733342,3.770626,-0.214528
4.266667,1.758958,3.826190,-0.217699
4.275000,1.781579,3.875246,-0.220500
4.283333,1.801288,3.917976,-0.222940
4.291667,1.818176,3.954577,-0.225031
4.300000,1.832336,3.985251,-0.226785
4.308333,1.843866,4.010209,-0.228213
4.316667,1.852865,4.029670,-0.229327
4.325000,1.859434,4.043851,-0.230141
4.333333,1.863676,4.052977,-0.230667
4.341667,1.865693,4.057268,-0.230917
4.350000,1.865587,4.056949,-0.230904
4.358333,1.863461,4.052241,-0.230642
4.366667,1.859415,4.043364,-0.230142
4.375000,1.853549,4.030534,-0.229416
4.383333,1.845963,4.013965,-0.228478
4.391667,1.836751,3.993866,-0.227338
4.400000,1.826008,3.970443,-0.226009
4.408333,1.813827,3.943896,-0.224502
4.416667,1.800298,3.914420,-0.222828
4.425000,1.785508,3.882206,-0.220997
4.433333,1.769541,3.847437,-0.219021
4.441667,1.752480,3.810293,-0.216910
4.450000,1.734405,3.770947,-0.214673
4.458333,1.715393,3.729565,-0.212320
4.466667,1.695517,3.686309,-0.209861
4.475000,1.674849,3.641333,-0.207303
4.483333,1.653458,3.594787,-0.204655
4.491667,1.631409,3.546814,-0.201927
4.500000,1.608767,3.497552,-0.199124
4.508333,1.585591,3.447132,-0.196256
4.516667,1.561939,3.395680,-0.193329
4.525000,1.537867,3.343317,-0.190349
4.533333,1.513427,3.290156,-0.187324
4.541667,1.488670,3.236308,-0.184260
4.550000,1.463644,3.181876,-0.181163
4.558333,1.438395,3.126959,-0.178038
4.566667,1.412964,3.071651,-0.174890
4.575000,1.387395,3.016042,-0.171726
4.583333,1.361724,2.960216,-0.168548
4.591667,1.335990,2.904251,-0.165363
4.600000,1.310226,2.848224,-0.162174
4.608333,1.284465,2.792205,-0.158986
4.616667,1.258739,2.736262,-0.155802
4.625000,1.233075,2.680456,-0.152625
4.633333,1.207502,2.624848,-0.149460
4.641667,1.182044,2.569492,-0.146309
4.650000,1.156725,2.514439,-0.143175
4.658333,1.131568,2.459738,-0.140062
4.666667,1.106592,2.405434,-0.136970
4.675000,1.081818,2.351569,-0.133904
4.683333,1.057264,2.298181,-0.130865
4.691667,1.032944,2.245305,-0.127855
4.700000,1.008876,2.192976,-0.124876
4.708333,0.985072,2.141222,-0.121929
4.716667,0.961545,2.090072,-0.119017
4.725000,0.938308,2.039552,-0.116141
4.733333,0.915370,1.989683,-0.113302
4.741667,0.892742,1.940487,-0.110501
4.750000,0.870432,1.891983,-0.107740
4.758333,0.848447,1.844188,-0.105019
4.766667,0.826794,1.797115,-0.102339
4.775000,0.805480,1.750778,-0.099701
4.783333,0.784509,1.705189,-0.097105
4.791667,0.763886,1.660356,-0.094552
4.800000,0.743616,1.616289,-0.092043
4.808333,0.723699,1.572993,-0.089578
4.816667,0.704141,1.530474,-0.087157
4.825000,0.684941,1.488736,-0.084781
4.833333,0.666102,1.447782,-0.082449
4.841667,0.647623,1.407614,-0.080162
4.850000,0.629507,1.368231,-0.077919
4.858333,0.611751,1.329634,-0.075722
4.866667,0.594356,1.291821,-0.073569
4.875000,0.577321,1.254790,-0.071460
4.883333,0.560644,1.218537,-0.069396
4.891667,0.544323,1.183059,-0.067376
4.900000,0.528356,1.148352,-0.065399
4.908333,0.512741,1.114409,-0.063467
4.916667,0.497475,1.081225,-0.061577
4.925000,0.482555,1.048794,-0.059730
4.933333,0.467978,1.017108,-0.057926
4.941667,0.453741,0.986160,-0.056164
4.950000,0.439839,0.955942,-0.054443
4.958333,0.426269,0.926445,-0.052763
4.966667,0.413027,0.897661,-0.051124
4.975000,0.400108,0.869581,-0.049525
4.983333,0.387509,0.842195,-0.047966
4.991667,0.375225,0.815494,-0.046445
5.000000,0.363251,0.789468,-0.044963
5.008333,0.351583,0.764106,-0.043519
5.016667,0.340215,0.739398,-0.042112
5.025000,0.329144,0.715334,-0.040741
5.033333,0.318364,0.691902,-0.039407
5.041667,0.307870,0.669094,-0.038108
5.050000,0.297658,0.646896,-0.036844
5.058333,0.287721,0.625299,-0.035614
5.066667,0.278056,0.604291,-0.034418
5.075000,0.268657,0.583862,-0.033254
5.083333,0.259518,0.564000,-0.032123
5.091667,0.250636,0.544694,-0.031024
5.100000,0.242004,0.525933,-0.029955
5.108333,0.233618,0.507707,-0.028917
5.116667,0.225473,0.490003,-0.027909
5.125000,0.217563,0.472811,-0.026930
5.133333,0.209884,0.456120,-0.025980
5.141667,0.202430,0.439920,-0.025057
5.150000,0.195196,0.424198,-0.024162
5.158333,0.188179,0.408945,-0.023293
5.166667,0.181371,0.394151,-0.022450
5.175000,0.174770,0.379803,-0.021633
5.183333,0.168370,0.365893,-0.020841
5.191667,0.162166,0.352409,-0.020073
5.200000,0.156153,0.339342,-0.019329
5.208333,0.150328,0.326681,-0.018608
5.216667,0.144685,0.314417,-0.017909
5.225000,0.139220,0.302539,-0.017233
5.233333,0.133928,0.291039,-0.016578
5.241667,0.128806,0.279906,-0.015944
5.250000,0.123848,0.269130,-0.015330
5.258333,0.119050,0.258704,-0.014736
5.266667,0.114409,0.248617,-0.014162
5.275000,0.109920,0.238861,-0.013606
5.283333,0.105579,0.229427,-0.013069
5.291667,0.101382,0.220307,-0.012549
5.300000,0.097326,0.211491,-0.012047
5.308333,0.093406,0.202972,-0.011562
5.316667,0.089619,0.194741,-0.011093
5.325000,0.085960,0.186790,-0.010640
5.333333,0.082427,0.179112,-0.010203
5.341667,0.079016,0.171698,-0.009781
5.350000,0.075723,0.164542,-0.009373
5.358333,0.072545,0.157635,-0.008980
5.366667,0.069479,0.150972,-0.008600
5.375000,0.066521,0.144543,-0.008234
5.383333,0.063668,0.138343,-0.007881
5.391667,0.060917,0.132365,-0.007540
5.400000,0.058265,0.126603,-0.007212
5.408333,0.055709,0.121049,-0.006896
5.416667,0.053247,0.115697,-0.006591
5.425000,0.050874,0.110542,-0.006297
5.433333,0.048590,0.105576,-0.006015
5.441667,0.046390,0.100795,-0.005742
5.450000,0.044272,0.096193,-0.005480
5.458333,0.042234,0.091764,-0.005228
5.466667,0.040272,0.087502,-0.004985
5.475000,0.038386,0.083402,-0.004752
5.483333,0.036572,0.079460,-0.004527
5.491667,0.034827,0.075669,-0.004311
5.500000,0.033150,0.072025,-0.004104
5.508333,0.031539,0.068524,-0.003904
5.516667,0.029991,0.065160,-0.003712
5.525000,0.028504,0.061929,-0.003528
5.533333,0.027077,0.058827,-0.003352
5.541667,0.025706,0.055849,-0.003182
5.550000,0.024391,0.052992,-0.003019
5.558333,0.023130,0.050250,-0.002863
5.566667,0.021919,0.047620,-0.002713
5.575000,0.020759,0.045099,-0.002570
5.583333,0.019647,0.042682,-0.002432
5.591667,0.018581,0.040366,-0.002300
5.600000,0.017560,0.038147,-0.002174
5.608333,0.016582,0.036022,-0.002053
5.616667,0.015646,0.033988,-0.001937
5.625000,0.014750,0.032041,-0.001826
5.633333,0.013893,0.030179,-0.001720
5.641667,0.013073,0.028397,-0.001618
5.650000,0.012289,0.026694,-0.001521
5.658333,0.011540,0.025066,-0.001429
5.666667,0.010824,0.023511,-0.001340
5.675000,0.010141,0.022026,-0.001255
5.683333,0.009488,0.020609,-0.001175
5.691667,0.008866,0.019256,-0.001097
5.700000,0.008272,0.017965,-0.001024
5.708333,0.007705,0.016735,-0.000954
5.716667,0.007166,0.015562,-0.000887
5.725000,0.006651,0.014445,-0.000823
5.733333,0.006162,0.013381,-0.000763
5.741667,0.005696,0.012369,-0.000705
5.750000,0.005253,0.011405,-0.000650
5.758333,0.004831,0.010490,-0.000598
5.766667,0.004430,0.009619,-0.000548
5.775000,0.004050,0.008793,-0.000501
5.783333,0.003689,0.008008,-0.000457
5.791667,0.003346,0.007264,-0.000414
5.800000,0.003021,0.006558,-0.000374
5.808333,0.002713,0.005889,-0.000336
5.816667,0.002422,0.005256,-0.000300
5.825000,0.002146,0.004656,-0.000266
5.833333,0.001885,0.004090,-0.000233
5.841667,0.001639,0.003554,-0.000203
5.850000,0.001406,0.003049,-0.000174
5.858333,0.001186,0.002572,-0.000147
5.866667,0.000979,0.002122,-0.000121
5.875000,0.000785,0.001699,-0.000097
5.883333,0.000601,0.001300,-0.000074
5.891667,0.000429,0.000926,-0.000053
5.900000,0.000267,0.000575,-0.000033
5.908333,0.000115,0.000245,-0.000014
5.916667,-0.000027,-0.000063,0.000003
5.925000,-0.000160,-0.000352,0.000020
5.933333,-0.000284,-0.000622,0.000035
5.941667,-0.000400,-0.000873,0.000049
5.950000,-0.000507,-0.001108,0.000063
5.958333,-0.000608,-0.001325,0.000075
5.966667,-0.000701,-0.001527,0.000087
5.975000,-0.000787,-0.001714,0.000097
5.983333,-0.000867,-0.001887,0.000107
5.991667,-0.000940,-0.002047,0.000116
6.000000,-0.001007,-0.002193,0.000125
