0.000000,0.000000,0.000000,0.000000
0.008333,0.000000,0.000000,-0.000000
0.016667,0.000001,0.000001,-0.000000
0.025000,0.000003,0.000003,-0.000002
0.033333,0.000010,0.000010,-0.000005
0.041667,0.000023,0.000023,-0.000011
0.050000,0.000045,0.000045,-0.000023
0.058333,0.000082,0.000082,-0.000041
0.066667,0.000135,0.000135,-0.000067
0.075000,0.000210,0.000210,-0.000105
0.083333,0.000310,0.000310,-0.000155
0.091667,0.000441,0.000441,-0.000220
0.100000,0.000606,0.000606,-0.000303
0.108333,0.000810,0.000810,-0.000405
0.116667,0.001058,0.001058,-0.000529
0.125000,0.001354,0.001354,-0.000677
0.133333,0.001702,0.001702,-0.000851
0.141667,0.002107,0.002107,-0.001053
0.150000,0.002573,0.002573,-0.001286
0.158333,0.003104,0.003104,-0.001552
0.166667,0.003703,0.003703,-0.001852
0.175000,0.004375,0.004375,-0.002188
0.183333,0.005123,0.005123,-0.002562
0.191667,0.005951,0.005951,-0.002975
0.200000,0.006860,0.006860,-0.003430
0.208333,0.007856,0.007856,-0.003928
0.216667,0.008939,0.008939,-0.004470
0.225000,0.010113,0.010113,-0.005057
0.233333,0.011381,0.011381,-0.005690
0.241667,0.012743,0.012743,-0.006372
0.250000,0.014204,0.014204,-0.007102
0.258333,0.015763,0.015763,-0.007881
0.266667,0.017423,0.017423,-0.008712
0.275000,0.019185,0.019185,-0.009593
0.283333,0.021052,0.021052,-0.010526
0.291667,0.023022,0.023022,-0.011511
0.300000,0.025099,0.025099,-0.012549
0.308333,0.027282,0.027282,-0.013641
0.316667,0.029572,0.029572,-0.014786
0.325000,0.031969,0.031969,-0.015985
0.333333,0.034475,0.034475,-0.017238
0.341667,0.037089,0.037089,-0.018544
0.350000,0.039811,0.039811,-0.019906
0.358333,0.042642,0.042642,-0.021321
0.366667,0.045580,0.045580,-0.022790
0.375000,0.048627,0.048627,-0.024313
0.383333,0.051781,0.051781,-0.025890
0.391667,0.055042,0.055042,-0.027521
0.400000,0.058410,0.058410,-0.029205
0.408333,0.061884,0.061884,-0.030942
0.416667,0.065463,0.065463,-0.032731
0.425000,0.069146,0.069146,-0.034573
0.433333,0.072933,0.072933,-0.036466
0.441667,0.076822,0.076822,-0.038411
0.450000,0.080813,0.080813,-0.040407
0.458333,0.084905,0.084905,-0.042452
0.466667,0.089096,0.089096,-0.044548
0.475000,0.093385,0.093385,-0.046693
0.483333,0.097771,0.097771,-0.048886
0.491667,0.102254,0.102254,-0.051127
0.500000,0.106830,0.106830,-0.053415
0.508333,0.111500,0.111500,-0.055750
0.516667,0.116262,0.116262,-0.058131
0.525000,0.121115,0.121115,-0.060557
0.533333,0.126056,0.126056,-0.063028
0.541667,0.131085,0.131085,-0.065543
0.550000,0.136200,0.136200,-0.068100
0.558333,0.141400,0.141400,-0.070700
0.566667,0.146684,0.146684,-0.073342
0.575000,0.152049,0.152049,-0.076025
0.583333,0.157495,0.157495,-0.078747
0.591667,0.163019,0.163019,-0.081510
0.600000,0.168621,0.168621,-0.084310
0.608333,0.174299,0.174299,-0.087149
0.616667,0.180051,0.180051,-0.090025
0.625000,0.185876,0.185876,-0.092938
0.633333,0.191772,0.191772,-0.095886
0.641667,0.197738,0.197738,-0.098869
0.650000,0.203773,0.203773,-0.101886
0.658333,0.209874,0.209874,-0.104937
0.666667,0.216042,0.216042,-0.108021
0.675000,0.222273,0.222273,-0.111136
0.683333,0.228566,0.228566,-0.114283
0.691667,0.234921,0.234921,-0.117461
0.700000,0.241336,0.241336,-0.120668
0.708333,0.247809,0.247809,-0.123905
0.716667,0.254339,0.254339,-0.127170
0.725000,0.260925,0.260925,-0.130463
0.733333,0.267565,0.267565,-0.133783
0.741667,0.274258,0.274258,-0.137129
0.750000,0.281003,0.281003,-0.140502
0.758333,0.287798,0.287798,-0.143899
0.766667,0.294642,0.294642,-0.147321
0.775000,0.301534,0.301534,-0.150767
0.783333,0.308473,0.308473,-0.154236
0.791667,0.315457,0.315457,-0.157728
0.800000,0.322485,0.322485,-0.161243
0.808333,0.329556,0.329556,-0.164778
0.816667,0.336669,0.336669,-0.168335
0.825000,0.343823,0.343823,-0.171912
0.833333,0.351017,0.351017,-0.175508
0.841667,0.358248,0.358248,-0.179124
0.850000,0.365518,0.365518,-0.182759
0.858333,0.372824,0.372824,-0.186412
0.866667,0.380165,0.380165,-0.190082
0.875000,0.387540,0.387540,-0.193770
0.883333,0.394949,0.394949,-0.197475
0.891667,0.402391,0.402391,-0.201195
0.900000,0.409863,0.409863,-0.204932
0.908333,0.417367,0.417367,-0.208683
0.916667,0.424900,0.424900,-0.212450
0.925000,0.432462,0.432462,-0.216231
0.933333,0.440051,0.440051,-0.220026
0.941667,0.447668,0.447668,-0.223834
0.950000,0.455311,0.455311,-0.227656
0.958333,0.462980,0.462980,-0.231490
0.966667,0.470673,0.470673,-0.235336
0.975000,0.478390,0.478390,-0.239195
0.983333,0.486130,0.486130,-0.243065
0.991667,0.493892,0.493892,-0.246946
1.000000,0.501676,0.501676,-0.250838
1.008333,0.509481,0.509481,-0.254741
1.016667,0.517307,0.517307,-0.258653
1.025000,0.525152,0.525152,-0.262576
1.033333,0.533016,0.533016,-0.266508
1.041667,0.540899,0.540899,-0.270449
1.050000,0.548799,0.548799,-0.274400
1.058333,0.556717,0.556717,-0.278358
1.066667,0.564651,0.564651,-0.282326
1.075000,0.572601,0.572601,-0.286301
1.083333,0.580567,0.580567,-0.290284
1.091667,0.588548,0.588548,-0.294274
1.100000,0.596543,0.596543,-0.298272
1.108333,0.604552,0.604552,-0.302276
1.116667,0.612575,0.612575,-0.306288
1.125000,0.620611,0.620611,-0.310306
1.133333,0.628659,0.628659,-0.314330
1.141667,0.636720,0.636720,-0.318360
1.150000,0.644792,0.644792,-0.322396
1.158333,0.652876,0.652876,-0.326438
1.166667,0.660970,0.660970,-0.330485
1.175000,0.669075,0.669075,-0.334537
1.183333,0.677190,0.677190,-0.338595
1.191667,0.685314,0.685314,-0.342657
1.200000,0.693448,0.693448,-0.346724
1.208333,0.701591,0.701591,-0.350796
1.216667,0.709743,0.709743,-0.354872
1.225000,0.717903,0.717903,-0.358952
1.233333,0.726071,0.726071,-0.363036
1.241667,0.734247,0.734247,-0.367124
1.250000,0.742430,0.742430,-0.371215
1.258333,0.750621,0.750621,-0.375310
1.266667,0.758818,0.758818,-0.379409
1.275000,0.767022,0.767022,-0.383511
1.283333,0.775232,0.775232,-0.387616
1.291667,0.783449,0.783449,-0.391724
1.300000,0.791671,0.791671,-0.395835
1.308333,0.799899,0.799899,-0.399949
1.316667,0.808132,0.808132,-0.404066
1.325000,0.816370,0.816370,-0.408185
1.333333,0.824614,0.824614,-0.412307
1.341667,0.832862,0.832862,-0.416431
1.350000,0.841115,0.841115,-0.420557
1.358333,0.849372,0.849372,-0.424686
1.366667,0.857633,0.857633,-0.428816
1.375000,0.865898,0.865898,-0.432949
1.383333,0.874167,0.874167,-0.437084
1.391667,0.882440,0.882440,-0.441220
1.400000,0.890716,0.890716,-0.445358
1.408333,0.898996,0.898996,-0.449498
1.416667,0.907279,0.907279,-0.453639
1.425000,0.915565,0.915565,-0.457782
1.433333,0.923854,0.923854,-0.461927
1.441667,0.932145,0.932145,-0.466073
1.450000,0.940440,0.940440,-0.470220
1.458333,0.948737,0.948737,-0.474368
1.466667,0.957036,0.957036,-0.478518
1.475000,0.965338,0.965338,-0.482669
1.483333,0.973642,0.973642,-0.486821
1.491667,0.981948,0.981948,-0.490974
1.500000,0.990256,0.990256,-0.495128
1.508333,0.998566,0.998566,-0.499283
1.516667,1.006877,1.006877,-0.503439
1.525000,1.015191,1.015191,-0.507595
1.533333,1.023506,1.023506,-0.511753
1.541667,1.031823,1.031823,-0.515911
1.550000,1.040141,1.040141,-0.520070
1.558333,1.048460,1.048460,-0.524230
1.566667,1.056781,1.056781,-0.528391
1.575000,1.065103,1.065103,-0.532552
1.583333,1.073427,1.073427,-0.536713
1.591667,1.081751,1.081751,-0.540876
1.600000,1.090077,1.090077,-0.545038
1.608333,1.098403,1.098403,-0.549202
1.616667,1.106731,1.106731,-0.553365
1.625000,1.115059,1.115059,-0.557530
1.633333,1.123388,1.123388,-0.561694
1.641667,1.131719,1.131719,-0.565859
1.650000,1.140049,1.140049,-0.570025
1.658333,1.148381,1.148381,-0.574190
1.666667,1.156713,1.156713,-0.578357
1.675000,1.165046,1.165046,-0.582523
1.683333,1.173379,1.173379,-0.586690
1.691667,1.181713,1.181713,-0.590857
1.700000,1.190048,1.190048,-0.595024
1.708333,1.198383,1.198383,-0.599191
1.716667,1.206718,1.206718,-0.603359
1.725000,1.215054,1.215054,-0.607527
1.733333,1.223390,1.223390,-0.611695
1.741667,1.231727,1.231727,-0.615863
1.750000,1.240063,1.240063,-0.620032
1.758333,1.248401,1.248401,-0.624200
1.766667,1.256738,1.256738,-0.628369
1.775000,1.265076,1.265076,-0.632538
1.783333,1.273414,1.273414,-0.636707
1.791667,1.281752,1.281752,-0.640876
1.800000,1.290090,1.290090,-0.645045
1.808333,1.298429,1.298429,-0.649214
1.816667,1.306767,1.306767,-0.653384
1.825000,1.315106,1.315106,-0.657553
1.833333,1.323445,1.323445,-0.661722
1.841667,1.331784,1.331784,-0.665892
1.850000,1.340123,1.340123,-0.670062
1.858333,1.348462,1.348462,-0.674231
1.866667,1.356802,1.356802,-0.678401
1.875000,1.365141,1.365141,-0.682570
1.883333,1.373480,1.373480,-0.686740
1.891667,1.381820,1.381820,-0.690910
1.900000,1.390159,1.390159,-0.695080
1.908333,1.398499,1.398499,-0.699249
1.916667,1.406838,1.406838,-0.703419
1.925000,1.415177,1.415177,-0.707589
1.933333,1.423517,1.423517,-0.711758
1.941667,1.431856,1.431856,-0.715928
1.950000,1.440196,1.440196,-0.720098
1.958333,1.448535,1.448535,-0.724267
1.966667,1.456874,1.456874,-0.728437
1.975000,1.465214,1.465214,-0.732607
1.983333,1.473553,1.473553,-0.736776
1.991667,1.481892,1.481892,-0.740946
2.000000,1.490231,1.490231,-0.745116
2.008333,1.498570,1.498570,-0.749285
2.016667,1.506909,1.506907,-0.753456
2.025000,1.515247,1.515239,-0.757630
2.033333,1.523582,1.523558,-0.761813
2.041667,1.531915,1.531858,-0.766008
2.050000,1.540242,1.540128,-0.770223
2.058333,1.548562,1.548359,-0.774465
2.066667,1.556874,1.556537,-0.778741
2.075000,1.565175,1.564651,-0.783059
2.083333,1.573464,1.572689,-0.787429
2.091667,1.581737,1.580635,-0.791860
2.100000,1.589992,1.588478,-0.796359
2.108333,1.598228,1.596204,-0.800936
2.116667,1.606443,1.603798,-0.805601
2.125000,1.614633,1.611249,-0.810362
2.133333,1.622796,1.618542,-0.815227
2.141667,1.630932,1.625664,-0.820206
2.150000,1.639036,1.632604,-0.825307
2.158333,1.647109,1.639349,-0.830538
2.166667,1.655146,1.645888,-0.835906
2.175000,1.663148,1.652210,-0.841418
2.183333,1.671111,1.658303,-0.847083
2.191667,1.679035,1.664158,-0.852906
2.200000,1.686917,1.669766,-0.858895
2.208333,1.694757,1.675118,-0.865054
2.216667,1.702552,1.680204,-0.871389
2.225000,1.710302,1.685019,-0.877906
2.233333,1.718005,1.689553,-0.884609
2.241667,1.725661,1.693802,-0.891503
2.250000,1.733267,1.697758,-0.898592
2.258333,1.740824,1.701417,-0.905879
2.266667,1.748331,1.704773,-0.913367
2.275000,1.755786,1.707822,-0.921060
2.283333,1.763189,1.710560,-0.928961
2.291667,1.770540,1.712984,-0.937070
2.300000,1.777838,1.715091,-0.945391
2.308333,1.785083,1.716879,-0.953925
2.316667,1.792274,1.718345,-0.962673
2.325000,1.799411,1.719488,-0.971637
2.333333,1.806494,1.720307,-0.980816
2.341667,1.813523,1.720801,-0.990212
2.350000,1.820498,1.720970,-0.999824
2.358333,1.827419,1.720815,-1.009653
2.366667,1.834285,1.720334,-1.019698
2.375000,1.841097,1.719530,-1.029959
2.383333,1.847856,1.718403,-1.040435
2.391667,1.854561,1.716955,-1.051125
2.400000,1.861212,1.715187,-1.062028
2.408333,1.867811,1.713102,-1.073144
2.416667,1.874357,1.710700,-1.084469
2.425000,1.880850,1.707986,-1.096003
2.433333,1.887292,1.704960,-1.107744
2.441667,1.893682,1.701627,-1.119691
2.450000,1.900022,1.697989,-1.131841
2.458333,1.906311,1.694049,-1.144191
2.466667,1.912551,1.689811,-1.156741
2.475000,1.918741,1.685278,-1.169487
2.483333,1.924883,1.680454,-1.182427
2.491667,1.930976,1.675342,-1.195559
2.500000,1.937023,1.669947,-1.208880
2.508333,1.943023,1.664272,-1.222387
2.516667,1.948976,1.658321,-1.236078
2.525000,1.954885,1.652099,-1.249950
2.533333,1.960749,1.645609,-1.264000
2.541667,1.966569,1.638856,-1.278226
2.550000,1.972346,1.631845,-1.292624
2.558333,1.978080,1.624579,-1.307191
2.566667,1.983773,1.617063,-1.321925
2.575000,1.989425,1.609302,-1.336823
2.583333,1.995036,1.601300,-1.351881
2.591667,2.000609,1.593061,-1.367097
2.600000,2.006142,1.584590,-1.382468
2.608333,2.011637,1.575891,-1.397991
2.616667,2.017096,1.566969,-1.413662
2.625000,2.022517,1.557828,-1.429479
2.633333,2.027903,1.548474,-1.445439
2.641667,2.033254,1.538909,-1.461538
2.650000,2.038571,1.529139,-1.477774
2.658333,2.043855,1.519169,-1.494145
2.666667,2.049105,1.509001,-1.510646
2.675000,2.054324,1.498642,-1.527275
2.683333,2.059511,1.488095,-1.544030
2.691667,2.064667,1.477364,-1.560907
2.700000,2.069794,1.466453,-1.577903
2.708333,2.074891,1.455368,-1.595017
2.716667,2.079960,1.444111,-1.612244
2.725000,2.085001,1.432688,-1.629582
2.733333,2.090015,1.421102,-1.647030
2.741667,2.095002,1.409356,-1.664583
2.750000,2.099964,1.397456,-1.682239
2.758333,2.104900,1.385405,-1.699996
2.766667,2.109812,1.373206,-1.717851
2.775000,2.114700,1.360864,-1.735802
2.783333,2.119564,1.348382,-1.753846
2.791667,2.124406,1.335764,-1.771981
2.800000,2.129226,1.323013,-1.790204
2.808333,2.134024,1.310133,-1.808513
2.816667,2.138801,1.297128,-1.826906
2.825000,2.143558,1.284000,-1.845381
2.833333,2.148295,1.270753,-1.863934
2.841667,2.153012,1.257391,-1.882565
2.850000,2.157711,1.243917,-1.901271
2.858333,2.162392,1.230333,-1.920049
2.866667,2.167055,1.216643,-1.938898
2.875000,2.171701,1.202850,-1.957816
2.883333,2.176330,1.188957,-1.976801
2.891667,2.180943,1.174966,-1.995850
2.900000,2.185540,1.160881,-2.014963
2.908333,2.190122,1.146705,-2.034136
2.916667,2.194689,1.132439,-2.053369
2.925000,2.199242,1.118088,-2.072660
2.933333,2.203780,1.103652,-2.092006
2.941667,2.208306,1.089135,-2.111406
2.950000,2.212818,1.074540,-2.130859
2.958333,2.217317,1.059868,-2.150362
2.966667,2.221804,1.045122,-2.169915
2.975000,2.226279,1.030305,-2.189516
2.983333,2.230742,1.015418,-2.209163
2.991667,2.235195,1.000464,-2.228855
3.000000,2.239636,0.985445,-2.248590
3.008333,2.244067,0.970363,-2.268367
3.016667,2.248488,0.955220,-2.288184
3.025000,2.252898,0.940018,-2.308042
3.033333,2.257300,0.924759,-2.327937
3.041667,2.261692,0.909445,-2.347869
3.050000,2.266075,0.894077,-2.367836
3.058333,2.270450,0.878658,-2.387838
3.066667,2.274816,0.863189,-2.407873
3.075000,2.279175,0.847671,-2.427940
3.083333,2.283525,0.832107,-2.448039
3.091667,2.287868,0.816498,-2.468167
3.100000,2.292204,0.800846,-2.488324
3.108333,2.296533,0.785151,-2.508509
3.116667,2.300855,0.769416,-2.528722
3.125000,2.305170,0.753642,-2.548960
3.133333,2.309479,0.737831,-2.569223
3.141667,2.313782,0.721983,-2.589511
3.150000,2.318080,0.706099,-2.609822
3.158333,2.322371,0.690182,-2.630156
3.166667,2.326658,0.674233,-2.650511
3.175000,2.330939,0.658252,-2.670888
3.183333,2.335215,0.642240,-2.691284
3.191667,2.339486,0.626200,-2.711700
3.200000,2.343752,0.610131,-2.732135
3.208333,2.348014,0.594035,-2.752587
3.216667,2.352271,0.577914,-2.773058
3.225000,2.356525,0.561767,-2.793544
3.233333,2.360774,0.545596,-2.814047
3.241667,2.365019,0.529402,-2.834566
3.250000,2.369261,0.513185,-2.855099
3.258333,2.373499,0.496947,-2.875646
3.266667,2.377734,0.480689,-2.896208
3.275000,2.381965,0.464410,-2.916782
3.283333,2.386194,0.448113,-2.937370
3.291667,2.390419,0.431797,-2.957969
3.300000,2.394641,0.415464,-2.978580
3.308333,2.398860,0.399113,-2.999202
3.316667,2.403077,0.382747,-3.019836
3.325000,2.407291,0.366365,-3.040479
3.333333,2.411503,0.349968,-3.061132
3.341667,2.415712,0.333557,-3.081795
3.350000,2.419919,0.317133,-3.102467
3.358333,2.424124,0.300695,-3.123148
3.366667,2.428327,0.284244,-3.143837
3.375000,2.432527,0.267782,-3.164535
3.383333,2.436726,0.251308,-3.185240
3.391667,2.440923,0.234823,-3.205952
3.400000,2.445118,0.218327,-3.226671
3.408333,2.449312,0.201822,-3.247397
3.416667,2.453504,0.185307,-3.268129
3.425000,2.457694,0.168782,-3.288868
3.433333,2.461883,0.152249,-3.309612
3.441667,2.466071,0.135707,-3.330362
3.450000,2.470257,0.119157,-3.351118
3.458333,2.474442,0.102600,-3.371878
3.466667,2.478625,0.086035,-3.392644
3.475000,2.482808,0.069463,-3.413414
3.483333,2.486989,0.052885,-3.434188
3.491667,2.491169,0.036300,-3.454967
3.500000,2.495349,0.019710,-3.475749
3.508333,2.499527,0.003113,-3.496536
3.516667,2.503705,-0.013489,-3.517326
3.525000,2.507881,-0.030096,-3.538120
3.533333,2.512057,-0.046708,-3.558917
3.541667,2.516232,-0.063324,-3.579717
3.550000,2.520406,-0.079945,-3.600520
3.558333,2.524580,-0.096571,-3.621325
3.566667,2.528753,-0.113200,-3.642134
3.575000,2.532925,-0.129833,-3.662945
3.583333,2.537097,-0.146470,-3.683758
3.591667,2.541268,-0.163110,-3.704574
3.600000,2.545438,-0.179754,-3.725392
3.608333,2.549608,-0.196400,-3.746211
3.616667,2.553778,-0.213049,-3.767033
3.625000,2.557947,-0.229701,-3.787857
3.633333,2.562116,-0.246356,-3.808682
3.641667,2.566284,-0.263012,-3.829509
3.650000,2.570452,-0.279672,-3.850337
3.658333,2.574619,-0.296333,-3.871167
3.666667,2.578787,-0.312996,-3.891998
3.675000,2.582953,-0.329661,-3.912830
3.683333,2.587120,-0.346328,-3.933664
3.691667,2.591286,-0.362997,-3.954498
3.700000,2.595453,-0.379667,-3.975334
3.708333,2.599618,-0.396338,-3.996170
3.716667,2.603784,-0.413011,-4.017008
3.725000,2.607949,-0.429685,-4.037846
3.733333,2.612115,-0.446360,-4.058685
3.741667,2.616280,-0.463037,-4.079525
3.750000,2.620445,-0.479714,-4.100365
3.758333,2.624609,-0.496392,-4.121206
3.766667,2.628774,-0.513071,-4.142048
3.775000,2.632939,-0.529751,-4.162890
3.783333,2.637103,-0.546431,-4.183732
3.791667,2.641267,-0.563112,-4.204575
3.800000,2.645431,-0.579794,-4.225418
3.808333,2.649595,-0.596476,-4.246262
3.816667,2.653759,-0.613159,-4.267106
3.825000,2.657923,-0.629842,-4.287950
3.833333,2.662087,-0.646525,-4.308795
3.841667,2.666251,-0.663209,-4.329640
3.850000,2.670415,-0.679893,-4.350484
3.858333,2.674579,-0.696577,-4.371329
3.866667,2.678742,-0.713262,-4.392175
3.875000,2.682906,-0.729946,-4.413020
3.883333,2.687070,-0.746631,-4.433865
3.891667,2.691233,-0.763316,-4.454711
3.900000,2.695397,-0.780001,-4.475556
3.908333,2.699560,-0.796686,-4.496402
3.916667,2.703724,-0.813371,-4.517247
3.925000,2.707888,-0.830056,-4.538093
3.933333,2.712051,-0.846741,-4.558938
3.941667,2.716215,-0.863426,-4.579784
3.950000,2.720379,-0.880111,-4.600629
3.958333,2.724542,-0.896795,-4.621475
3.966667,2.728706,-0.913480,-4.642320
3.975000,2.732870,-0.930164,-4.663165
3.983333,2.737033,-0.946849,-4.684010
3.991667,2.741197,-0.963533,-4.704855
4.000000,2.745361,-0.980217,-4.725700
4.008333,2.749525,-0.996901,-4.746545
4.016667,2.753689,-1.013583,-4.767388
4.025000,2.757854,-1.030259,-4.788225
4.033333,2.762021,-1.046923,-4.809050
4.041667,2.766191,-1.063567,-4.829855
4.050000,2.770367,-1.080181,-4.850631
4.058333,2.774549,-1.096755,-4.871367
4.066667,2.778740,-1.113278,-4.892050
4.075000,2.782941,-1.129736,-4.912670
4.083333,2.787155,-1.146116,-4.933212
4.091667,2.791385,-1.162406,-4.953664
4.100000,2.795631,-1.178592,-4.974012
4.108333,2.799898,-1.194661,-4.994242
4.116667,2.804186,-1.210598,-5.014341
4.125000,2.808498,-1.226391,-5.034296
4.133333,2.812837,-1.242027,-5.054094
4.141667,2.817204,-1.257492,-5.073721
4.150000,2.821601,-1.272774,-5.093165
4.158333,2.826031,-1.287861,-5.112415
4.166667,2.830496,-1.302741,-5.131458
4.175000,2.834996,-1.317404,-5.150283
4.183333,2.839535,-1.331839,-5.168881
4.191667,2.844113,-1.346036,-5.187240
4.200000,2.848733,-1.359985,-5.205352
4.208333,2.853395,-1.373677,-5.223207
4.216667,2.858102,-1.387105,-5.240797
4.225000,2.862854,-1.400260,-5.258115
4.233333,2.867652,-1.413135,-5.275154
4.241667,2.872498,-1.425724,-5.291906
4.250000,2.877394,-1.438020,-5.308365
4.258333,2.882338,-1.450019,-5.324527
4.266667,2.887333,-1.461715,-5.340387
4.275000,2.892380,-1.473103,-5.355939
4.283333,2.897478,-1.484181,-5.371180
4.291667,2.902628,-1.494944,-5.386107
4.300000,2.907832,-1.505390,-5.400717
4.308333,2.913088,-1.515517,-5.415007
4.316667,2.918399,-1.525322,-5.428976
4.325000,2.923763,-1.534803,-5.442622
4.333333,2.929181,-1.543961,-5.455943
4.341667,2.934653,-1.552794,-5.468940
4.350000,2.940180,-1.561301,-5.481612
4.358333,2.945761,-1.569484,-5.493959
4.366667,2.951395,-1.577341,-5.505981
4.375000,2.957084,-1.584875,-5.517679
4.383333,2.962827,-1.592086,-5.529054
4.391667,2.968623,-1.598976,-5.540108
4.400000,2.974473,-1.605545,-5.550843
4.408333,2.980375,-1.611797,-5.561259
4.416667,2.986330,-1.617733,-5.571360
4.425000,2.992338,-1.623356,-5.581147
4.433333,2.998397,-1.628667,-5.590623
4.441667,3.004507,-1.633671,-5.599792
4.450000,3.010669,-1.638370,-5.608656
4.458333,3.016880,-1.642767,-5.617218
4.466667,3.023141,-1.646866,-5.625481
4.475000,3.029452,-1.650669,-5.633450
4.483333,3.035811,-1.654181,-5.641127
4.491667,3.042218,-1.657406,-5.648517
4.500000,3.048672,-1.660347,-5.655623
4.508333,3.055173,-1.663008,-5.662449
4.516667,3.061720,-1.665393,-5.669000
4.525000,3.068312,-1.667507,-5.675279
4.533333,3.074949,-1.669353,-5.681291
4.541667,3.081630,-1.670936,-5.687039
4.550000,3.088353,-1.672261,-5.692529
4.558333,3.095120,-1.673330,-5.697764
4.566667,3.101927,-1.674150,-5.702750
4.575000,3.108776,-1.674725,-5.707489
4.583333,3.115665,-1.675058,-5.711988
4.591667,3.122593,-1.675154,-5.716250
4.600000,3.129560,-1.675018,-5.720280
4.608333,3.136565,-1.674655,-5.724082
4.616667,3.143608,-1.674068,-5.727661
4.625000,3.150686,-1.673263,-5.731022
4.633333,3.157801,-1.672243,-5.734168
4.641667,3.164950,-1.671013,-5.737104
4.650000,3.172134,-1.669578,-5.739835
4.658333,3.179351,-1.667943,-5.742365
4.666667,3.186601,-1.666110,-5.744699
4.675000,3.193883,-1.664086,-5.746840
4.683333,3.201196,-1.661873,-5.748793
4.691667,3.208540,-1.659477,-5.750563
4.700000,3.215913,-1.656901,-5.752153
4.708333,3.223316,-1.654150,-5.753569
4.716667,3.230748,-1.651228,-5.754813
4.725000,3.238207,-1.648139,-5.755890
4.733333,3.245693,-1.644887,-5.756804
4.741667,3.253206,-1.641476,-5.757559
4.750000,3.260745,-1.637911,-5.758159
4.758333,3.268309,-1.634193,-5.758609
4.766667,3.275898,-1.630329,-5.758910
4.775000,3.283510,-1.626321,-5.759069
4.783333,3.291146,-1.622173,-5.759087
4.791667,3.298804,-1.617889,-5.758969
4.800000,3.306485,-1.613473,-5.758719
4.808333,3.314187,-1.608927,-5.758340
4.816667,3.321910,-1.604256,-5.757834
4.825000,3.329653,-1.599462,-5.757207
4.833333,3.337416,-1.594550,-5.756461
4.841667,3.345199,-1.589522,-5.755599
4.850000,3.353000,-1.584381,-5.754625
4.858333,3.360819,-1.579131,-5.753542
4.866667,3.368657,-1.573775,-5.752352
4.875000,3.376511,-1.568316,-5.751059
4.883333,3.384382,-1.562757,-5.749666
4.891667,3.392269,-1.557100,-5.748176
4.900000,3.400172,-1.551349,-5.746591
4.908333,3.408090,-1.545506,-5.744915
4.916667,3.416023,-1.539575,-5.743150
4.925000,3.423971,-1.533556,-5.741298
4.933333,3.431932,-1.527455,-5.739363
4.941667,3.439907,-1.521272,-5.737346
4.950000,3.447895,-1.515010,-5.735251
4.958333,3.455896,-1.508672,-5.733079
4.966667,3.463909,-1.502260,-5.730834
4.975000,3.471934,-1.495776,-5.728517
4.983333,3.479971,-1.489223,-5.726130
4.991667,3.488019,-1.482603,-5.723676
5.000000,3.496077,-1.475917,-5.721157
5.008333,3.504146,-1.469169,-5.718576
5.016667,3.512226,-1.462360,-5.715933
5.025000,3.520315,-1.455491,-5.713231
5.033333,3.528414,-1.448566,-5.710472
5.041667,3.536522,-1.441585,-5.707658
5.050000,3.544638,-1.434551,-5.704790
5.058333,3.552764,-1.427465,-5.701871
5.066667,3.560898,-1.420329,-5.698902
5.075000,3.569039,-1.413145,-5.695884
5.083333,3.577189,-1.405915,-5.692821
5.091667,3.585346,-1.398639,-5.689712
5.100000,3.593510,-1.391320,-5.686559
5.108333,3.601681,-1.383960,-5.683365
5.116667,3.609859,-1.376558,-5.680130
5.125000,3.618044,-1.369118,-5.676856
5.133333,3.626235,-1.361639,-5.673545
5.141667,3.634432,-1.354125,-5.670197
5.150000,3.642634,-1.346575,-5.666813
5.158333,3.650843,-1.338991,-5.663396
5.166667,3.659057,-1.331375,-5.659947
5.175000,3.667276,-1.323728,-5.656466
5.183333,3.675500,-1.316050,-5.652954
5.191667,3.683729,-1.308342,-5.649414
5.200000,3.691962,-1.300607,-5.645845
5.208333,3.700200,-1.292845,-5.642250
5.216667,3.708443,-1.285057,-5.638628
5.225000,3.716690,-1.277243,-5.634981
5.233333,3.724940,-1.269405,-5.631310
5.241667,3.733195,-1.261545,-5.627616
5.250000,3.741453,-1.253662,-5.623900
5.258333,3.749715,-1.245757,-5.620162
5.266667,3.757980,-1.237832,-5.616403
5.275000,3.766249,-1.229887,-5.612625
5.283333,3.774521,-1.221923,-5.608827
5.291667,3.782796,-1.213940,-5.605011
5.300000,3.791073,-1.205940,-5.601178
5.308333,3.799354,-1.197923,-5.597328
5.316667,3.807637,-1.189890,-5.593462
5.325000,3.815923,-1.181842,-5.589580
5.333333,3.824212,-1.173779,-5.585683
5.341667,3.832502,-1.165701,-5.581772
5.350000,3.840795,-1.157609,-5.577847
5.358333,3.849090,-1.149505,-5.573909
5.366667,3.857388,-1.141388,-5.569959
5.375000,3.865687,-1.133259,-5.565997
5.383333,3.873988,-1.125118,-5.562023
5.391667,3.882291,-1.116967,-5.558038
5.400000,3.890596,-1.108804,-5.554042
5.408333,3.898903,-1.100632,-5.550036
5.416667,3.907211,-1.092450,-5.546021
5.425000,3.915520,-1.084259,-5.541997
5.433333,3.923831,-1.076059,-5.537963
5.441667,3.932144,-1.067851,-5.533922
5.450000,3.940458,-1.059634,-5.529872
5.458333,3.948773,-1.051410,-5.525815
5.466667,3.957089,-1.043179,-5.521750
5.475000,3.965407,-1.034940,-5.517678
5.483333,3.973725,-1.026695,-5.513600
5.491667,3.982045,-1.018444,-5.509515
5.500000,3.990366,-1.010187,-5.505424
5.508333,3.998687,-1.001924,-5.501328
5.516667,4.007010,-0.993655,-5.497226
5.525000,4.015333,-0.985381,-5.493119
5.533333,4.023658,-0.977103,-5.489007
5.541667,4.031983,-0.968819,-5.484890
5.550000,4.040308,-0.960531,-5.480769
5.558333,4.048635,-0.952239,-5.476644
5.566667,4.056962,-0.943943,-5.472514
5.575000,4.065290,-0.935644,-5.468381
5.583333,4.073618,-0.927340,-5.464245
5.591667,4.081947,-0.919033,-5.460104
5.600000,4.090276,-0.910723,-5.455961
5.608333,4.098606,-0.902410,-5.451815
5.616667,4.106937,-0.894094,-5.447665
5.625000,4.115268,-0.885776,-5.443513
5.633333,4.123599,-0.877455,-5.439359
5.641667,4.131931,-0.869131,-5.435202
5.650000,4.140263,-0.860805,-5.431043
5.658333,4.148595,-0.852477,-5.426882
5.666667,4.156928,-0.844147,-5.422718
5.675000,4.165261,-0.835815,-5.418553
5.683333,4.173594,-0.827482,-5.414386
5.691667,4.181928,-0.819147,-5.410218
5.700000,4.190262,-0.810810,-5.406048
5.708333,4.198596,-0.802472,-5.401876
5.716667,4.206930,-0.794132,-5.397703
5.725000,4.215265,-0.785791,-5.393529
5.733333,4.223600,-0.777450,-5.389354
5.741667,4.231935,-0.769107,-5.385178
5.750000,4.240270,-0.760763,-5.381001
5.758333,4.248605,-0.752418,-5.376822
5.766667,4.256940,-0.744072,-5.372643
5.775000,4.265276,-0.735726,-5.368464
5.783333,4.273611,-0.727379,-5.364283
5.791667,4.281947,-0.719031,-5.360102
5.800000,4.290283,-0.710683,-5.355921
5.808333,4.298619,-0.702334,-5.351738
5.816667,4.306955,-0.693984,-5.347556
5.825000,4.315291,-0.685635,-5.343373
5.833333,4.323627,-0.677285,-5.339189
5.841667,4.331963,-0.668934,-5.335005
5.850000,4.340300,-0.660584,-5.330821
5.858333,4.348636,-0.652233,-5.326637
5.866667,4.356972,-0.643881,-5.322453
5.875000,4.365308,-0.635530,-5.318268
5.883333,4.373645,-0.627179,-5.314083
5.891667,4.381981,-0.618827,-5.309898
5.900000,4.390318,-0.610476,-5.305714
5.908333,4.398654,-0.602124,-5.301529
5.916667,4.406990,-0.593772,-5.297344
5.925000,4.415327,-0.585421,-5.293159
5.933333,4.423663,-0.577069,-5.288974
5.941667,4.431999,-0.568717,-5.284789
5.950000,4.440336,-0.560366,-5.280604
5.958333,4.448672,-0.552014,-5.276419
5.966667,4.457009,-0.543663,-5.272235
5.975000,4.465345,-0.535312,-5.268050
5.983333,4.473681,-0.526961,-5.263866
5.991667,4.482017,-0.518610,-5.259681
6.000000,4.490354,-0.510259,-5.255497
